0 0 0.000 0 0.00
1 0 0.031 18 0.00
2 0 0.059 36 0.00
3 0 0.081 54 0.00
4 0 0.095 72 0.00
5 0 0.100 90 0.00
6 0 0.095 108 0.00
7 0 0.081 126 0.00
8 0 0.059 144 0.00
9 0 0.031 162 0.00
10 0 0.000 180 0.00
11 0 -0.031 198 0.00
12 0 -0.059 216 0.00
13 0 -0.081 234 0.00
14 0 -0.095 252 0.00
15 0 -0.100 270 0.00
16 0 -0.095 288 0.00
17 0 -0.081 306 0.00
18 0 -0.059 324 0.00
19 0 -0.031 342 0.00
20 0 0.000 0 0.00
21 0 0.031 18 0.00
22 0 0.059 36 0.00
23 0 0.081 54 0.00
24 0 0.095 72 0.00
25 0 0.100 90 0.00
26 0 0.095 108 0.00
27 0 0.081 126 0.00
28 0 0.059 144 0.00
29 0 0.031 162 0.00
30 0 0.000 180 0.00
31 0 -0.031 198 0.00
32 0 -0.059 216 0.00
33 0 -0.081 234 0.00
34 0 -0.095 252 0.00
35 0 -0.100 270 0.00
36 0 -0.095 288 0.00
37 0 -0.081 306 0.00
38 0 -0.059 324 0.00
39 0 -0.031 342 0.00
40 0 0.000 0 0.00
41 0 0.031 18 0.00
42 0 0.059 36 0.00
43 0 0.081 54 0.00
44 0 0.095 72 0.00
45 0 0.100 90 0.00
46 0 0.095 108 0.00
47 0 0.081 126 0.00
48 0 0.059 144 0.00
49 0 0.031 162 0.00
50 0 0.000 180 0.00
51 0 -0.031 198 0.00
52 0 -0.059 216 0.00
53 0 -0.081 234 0.00
54 0 -0.095 252 0.00
55 0 -0.100 270 0.00
56 0 -0.095 288 0.00
57 0 -0.081 306 0.00
58 0 -0.059 324 0.00
59 0 -0.031 342 0.00
60 0 0.000 0 0.00
61 0 0.031 18 0.00
62 0 0.059 36 0.00
63 0 0.081 54 0.00
64 0 0.095 72 0.00
65 0 0.100 90 0.00
66 0 0.095 108 0.00
67 0 0.081 126 0.00
68 0 0.059 144 0.00
69 0 0.031 162 0.00
70 0 0.000 180 0.00
71 0 -0.031 198 0.00
72 0 -0.059 216 0.00
73 0 -0.081 234 0.00
74 0 -0.095 252 0.00
75 0 -0.100 270 0.00
76 0 -0.095 288 0.00
77 0 -0.081 306 0.00
78 0 -0.059 324 0.00
79 0 -0.031 342 0.00
80 0 0.000 0 0.00
81 0 0.031 18 4.74
82 0 0.059 36 9.47
83 0 0.081 54 14.21
84 0 0.095 72 18.95
85 0 0.100 90 23.68
86 0 0.095 108 28.42
87 0 0.081 126 33.16
88 0 0.059 144 37.89
89 0 0.031 162 42.63
90 0 0.000 180 47.37
91 0 -0.031 198 52.11
92 0 -0.059 216 56.84
93 0 -0.081 234 61.58
94 0 -0.095 252 66.32
95 0 -0.100 270 71.05
96 0 -0.095 288 75.79
97 0 -0.081 306 80.53
98 0 -0.059 324 85.26
99 0 -0.031 342 90.00100 1 -0.031 342 90
100 5 -0.0310095 342 90.001
100 5 -0.0309988 342 90.001
